4 0.01 1509
10 0.01 9698
15 0.01 14804
20 0.01 19871
22 0.01 21117
25 0.01 25391
27 0.01 32388
30 0.01 40582
32 0.01 39353
35 0.01 70056
37 0.01 79067
40 0.01 97155
4 0.05 1923
10 0.05 3459
15 0.05 4007
20 0.05 5856
22 0.05 5420
25 0.05 6524
27 0.05 7118
30 0.05 8081
32 0.05 9168
35 0.05 12195
37 0.05 13008
40 0.05 16373
4 0.1 826
10 0.1 1499
15 0.1 2194
20 0.1 2844
22 0.1 3156
25 0.1 4205
27 0.1 4755
30 0.1 5725
32 0.1 5785
35 0.1 7713
37 0.1 7873
40 0.1 9654
4 0.15 781
10 0.15 1321
15 0.15 1650
20 0.15 2586
22 0.15 2736
25 0.15 3026
27 0.15 3927
30 0.15 4447
32 0.15 4883
35 0.15 6016
37 0.15 6406
40 0.15 7207
4 0.2 764
10 0.2 1324
15 0.2 1614
20 0.2 1931
22 0.2 2408
25 0.2 2786
27 0.2 3276
30 0.2 3916
32 0.2 3804
35 0.2 5513
37 0.2 5303
40 0.2 6141
4 0.25 854
10 0.25 1493
15 0.25 1666
20 0.25 2289
22 0.25 2401
25 0.25 2690
27 0.25 2951
30 0.25 3377
32 0.25 3352
35 0.25 4499
37 0.25 4868
40 0.25 5215
4 0.025 1776
10 0.025 2720
15 0.025 5009
20 0.025 7145
22 0.025 7905
25 0.025 9014
27 0.025 10661
30 0.025 15131
32 0.025 15487
35 0.025 22022
37 0.025 24653
40 0.025 30738
4 0.015 1421
10 0.015 7655
15 0.015 11263
20 0.015 17937
22 0.015 20039
25 0.015 21393
27 0.015 21637
30 0.015 27326
32 0.015 33545
35 0.015 42313
37 0.015 47742
40 0.015 65209